61
155
57
158
55
160
53
156
59
153
62
152
60
155
56
159
54
162
52
164
51
159
57
157
58
154
61
151
63
150
41
144
43
142
46
140
44
143
42
146
39
145
40
144
45
139
47
138
49
141
44
148
38
147
37
149
36
150
64
149
42
142
45
140
48
138
46
141
43
145
41
143
45
161
53
136
48
165
50
135
51
163
53
134
55
156
58
158
52
157
59
154
62
150
37
148
40
146
38
149
65
151
35
154
60
156
54
160
56
137
47
141
50
164
49
166
47
168
46
146
69
145
44
162
50
133
51
158
56
133
54
135
52
142
48
167
44
164
43
148
39
147
66
153
63
154
33
152
64
153
32
155
34
151
36
148
65
142
40
136
42
144
67
145
48
162
61
153
35
149
55
131
57
154
31
156
30
155
33
153
53
132
52
143
47
147
41
165
45
147
58
130
55
161
49
139
38
145
70
143
68
148
66
151
59
136
37
145
50
160
65
158
29
156
32
154
34
149
60
158
31
157
67
141
69
144
51
167
46
163
63
161
64
140
35
146
36
139
70
156
68
145
71
143
39
137
58
152
34
147
44
171
43
150
54
131
56
148
61
157
29
159
28
160
66
157
33
140
72
142
71
144
49
167
40
150
45
169
39
138
37
156
62
162
42
172
57
150
67
159
26
103
8
105
10
102
6
106
7
104
12
102
9
106
4
107
8
99
13
101
11
105
9
104
10
98
14
100
15
97
195
89
199
87
197
90
193
95
191
99
12
97
190
108
7
105
5
108
9
101
12
105
186
106
10
103
11
98
16
96
13
100
16
95
17
99
15
96
191
93
1
86
198
88
0
85
2
92
195
114
194
116
196
90
199
86
0
84
3
83
1
85
199
88
196
119
195
91
192
94
18
95
3
82
4
81
5
104
184
106
185
103
182
107
10
97
14
99
9
107
184
103
7
110
189
109
188
108
183
105
189
96
17
94
19
93
195
90
0
87
198
118
197
89
198
114
192
116
193
115
195
120
194
92
0
83
2
84
1
87
3
81
6
104
8
101
16
97
11
102
183
106
181
104
13
98
191
117
197
86
2
82
5
80
7
107
180
108
179
109
6
79
8
106
182
104
185
107
181
109
187
90
2
93
193
121
194
113
196
110
178
109
14
92
20
95
19
92
1
82
196
120
197
91
21
93
192
122
193
117
198
85
3
80
4
83
196
87
2
81
10
101
18
97
13
106
187
110
184
105
180
110
186
102
20
94
0
89
1
91
194
117
190
100
17
108
182
105
14
96
18
99
16
93
22
90
20
91
196
114
191
123
192
95
10
79
5
84
199
123
190
119
192
112
197
85
4
86
3
88
21
103
181
108
15
98
12
103
183
107
6
78
7
77
8
109
177
110
179
106
11
99
185
105
181
111
183
104
187
108
178
107
179
104
188
118
195
121
191
115
196
80
6
83
9
76
11
78
4
94
21
96
19
91
199
92
193
103
180
106
178
114
197
79
3
93
23
89
22
94
191
124
0
91
24
92
17
98
19
102
182
112
191
118
192
88
5
77
9
97
8
76
10
96
190
125
1
126
46
144
47
146
48
166
46
149
53
169
50
154
55
170
52
151
56
146
51
152
54
154
65
162
43
139
41
149
58
134
38
171
56
134
37
158
63
160
60
150
59
159
62
161
25
90
21
102
13
110
185
109
176
100
175
112
193
113
191
122
194
115
192
124
189
119
187
107
11
75
12
91
23
88
2
94
1
81
195
116
197
77
198
84
4
109
180
104
11
82
7
87
24
161
43
174
40
137
33
141
32
139
35
157
68
160
64
156
50
130
48
147
42
164
45
152
55
172
36
138
38
172
98
7
89
26
163
25
86
8
78
194
124
188
125
199
127
44
163
40
135
73
12
80
195
113
175
108
177
107
186
108
184
112
176
114
190
126
0
93
15
101
181
102
22
87
5
75
9
85
14
110
18
93
4
77
199
122
197
121
186
126
189
98
173
37
143
31
155
51
129
49
148
57
152
46
160
40
176
101
174
114
193
120
187
102
14
93
17
86
23
161
26
90
1
95
190
115
177
105
179
103
6
88
27
165
47
151
53
145
36
156
56
153
30
138
34
142
66
141
42
135
74
10
84
24
90
198
78
13
74
0
76
199
83
10
82
15
77
137
38
175
115
179
102
184
111
190
127
198
119
194
123
196
79
12
81
8
85
20
96
9
89
27
166
29
153
44
137
41
162
22
92
3
94
16
74
2
95
21
101
182
109
186
111
180
116
174
99
189
128
1
75
133
59
173
113
189
111
19
87
28
167
25
92
13
73
3
96
12
77
196
128
187
125
191
110
183
109
17
101
173
115
172
103
177
106
176
108
185
111
194
76
15
80
11
72
4
92
26
85
6
96
170
101
23
103
178
105
187
127
1
130
199
124
42
173
33
171
114
189
106
173
99
178
104
171
54
145
33
175
116
178
117
195
112
174
35
142
32
143
34
140
63
122
185
112
172
99
175
41
140
36
135
76
1
72
14
100
174
117
172
58
159
69
160
38
157
62
138
75
199
78
14
81
197
125
193
118
177
104
181
110
188
113
192
121
184
120
186
129
2
96
27
86
5
103
13
79
7
83
21
163
24
100
18
90
194
112
190
113
172
100
10
80
17
77
14
75
195
124
65
157
34
173
114
188
102
180
117
177
37
141
30
166
26
91
25
89
20
100
171
118
173
60
137
80
197
83
27
161
47
152
49
146
50
148
52
154
30
88
13
95
7
74
4
70
2
79
16
81
23
113
186
130
193
115
170
102
175
107
176
32
171
97
4
87
29
90
11
93
24
164
22
85
19
157
36
178
102
8
73
129
198
126
184
109
191
127
188
111
187
122
183
106
188
107
174
113
170
104
176
116
198
121
182
105
176
41
163
45
151
51
170
114
172
35
179
101
19
83
15
71
163
64
122
198
91
10
78
18
76
3
75
6
86
12
90
28
169
115
171
103
187
113
17
158
61
174
103
176
102
177
101
20
164
23
84
13
76
131
185
124
197
92
0
125
45
145
46
165
19
110
182
106
175
111
192
132
195
96
11
77
20
82
199
131
192
114
169
116
0
73
5
69
1
94
193
133
78
196
129
188
112
171
99
179
119
184
97
189
95
14
86
30
139
31
174
102
169
100
173
105
170
116
177
39
159
16
78
9
91
11
79
18
102
171
113
169
118
12
71
2
131
196
117
175
101
178
48
150
44
180
104
172
106
184
107
189
112
22
167
20
84
26
87
21
80
14
98
190
111
193
110
165
21
76
195
115
168
104
186
123
66
163
22
101
24
85
28
153
55
148
53
154
43
136
79
185
125
196
121
38
177
31
140
83
187
109
19
159
37
180
118
179
107
185
132
0
94
23
82
197
73
15
75
17
155
49
169
103
182
120
176
33
158
59
174
115
176
101
172
116
167
112
186
108
174
34
132
183
133
3
97
191
114
187
131
3
98
177
40
161
17
91
27
154
56
168
99
170
24
113
170
100
11
95
4
96
22
88
7
68
123
198
89
8
82
12
78
19
164
111
191
136
41
123
184
108
193
119
183
127
0
128
190
109
188
105
181
34
141
86
9
80
24
165
18
89
6
72
9
111
189
116
173
104
175
103
25
87
8
90
31
180
46
143
38
156
14
76
7
97
165
43
146
52
152
59
161
15
157
13
77
10
114
171
105
177
99
167
21
100
167
19
88
181
122
38
142
47
178
106
181
133
190
113
164
21
86
29
177
102
173
112
169
104
183
124
186
106
174
62
160
17
81
135
187
108
179
34
156
57
174
32
178
120
65
196
81
26
167
98
13
91
0
93
12
92
191
112
168
18
155
16
105
180
101
165
112
170
53
147
51
149
47
167
113
163
42
150
22
79
14
119
67
3
69
124
198
81
13
160
41
172
114
194
118
176
102
168
98
166
23
169
99
188
100
179
106
190
130
77
16
167
104
184
125
182
40
183
107
178
30
172
102
167
45
179
38
135
193
69
9
84
139
28
92
199
94
2
95
15
159
12
74
195
122
15
97
192
110
194
94
32
86
18
166
99
3
134
82
18
158
13
93
2
91
18
162
15
92
23
85
140
190
114
192
138
188
101
169
17
97
172
115
191
134
32
151
11
83
25
151
26
115
173
58
151
12
154
14
87
6
71
8
75
10
73
194
112
187
136
180
107
175
101
171
106
185
93
1
129
78
20
169
113
168
103
177
106
192
111
173
103
179
43
181
36
143
48
152
31
181
118
178
104
174
60
157
10
90
14
167
103
180
119
176
27
93
187
97
163
13
105
172
24
152
50
167
17
76
166
112
164
97
174
101
168
21
110
189
113
191
139
186
48
183
108
191
116
175
29
137
192
112
193
114
171
103
166
100
17
87
15
105
183
33
93
10
70
7
153
54
166
19
81
132
27
174
36
159
110
187
142
188
126
195
95
3
96
1
133
82
129
190
135
182
111
6
65
122
196
115
192
109
193
116
173
101
170
15
79
19
100
168
14
153
9
148
10
159
18
85
178
46
185
105
174
115
66
3
63
156
15
94
2
128
79
131
23
173
96
192
140
185
143
88
29
116
177
104
179
117
176
107
184
90
198
83
135
1
92
34
180
106
183
47
188
137
87
11
92
16
162
9
155
13
80
18
77
22
84
16
101
167
97
197
123
40
158
9
160
39
178
103
165
98
8
163
11
150
50
182
105
178
28
115
195
143
186
107
177
25
136
5
113
172
31
133
35
176
103
14
161
111
193
139
178
102
175
105
173
114
191
109
190
141
189
134
80
130
188
49
183
29
93
199
143
183
103
172
101
169
100
170
97
2
96
171
58
116
69
11
74
14
94
3
132
189
108
181
30
117
68
9
88
10
156
6
160
8
153
12
95
194
115
197
119
178
137
190
110
186
142
184
41
124
196
63
5
159
8
166
102
174
116
194
70
161
7
167
15
78
21
111
162
97
168
99
164
98
9
151
6
138
26
179
32
184
144
182
106
179
121
66
10
89
16
88
18
98
2
130
23
99
187
45
146
8
164
6
117
177
103
170
56
150
33
182
107
17
83
132
25
169
99
163
18
81
149
10
165
5
155
14
158
20
161
39
184
145
91
30
85
15
99
165
75
125
195
114
175
103
173
115
193
96
172
102
171
100
177
140
194
93
179
105
174
106
176
104
180
120
14
160
7
158
12
99
10
92
151
7
168
6
162
11
64
4
166
6
155
108
185
144
192
143
187
48
154
9
90
139
87
127
2
89
12
76
168
48
180
106
175
63
116
176
102
173
95
0
129
85
12
72
118
13
75
16
156
35
185
146
183
37
181
110
185
31
117
70
12
156
8
167
99
19
102
177
114
172
106
187
107
191
111
188
98
162
4
135
171
101
164
9
159
41
180
145
189
51
150
12
94
13
168
4
169
52
149
79
20
98
174
96
159
6
170
104
178
89
138
4
165
100
174
115
67
6
157
55
155
11
73
14
88
20
174
103
27
185
43
123
182
147
190
112
196
116
175
104
173
106
181
45
186
148
92
0
159
11
171
5
164
3
100
195
116
174
142
190
107
183
38
158
15
81
125
84
131
1
97
161
5
137
170
8
161
4
167
3
169
6
152
93
154
28
104
179
103
24
171
57
189
148
184
106
178
105
181
121
198
128
86
136
28
182
35
187
146
90
13
119
76
16
80
127
186
44
183
149
187
109
194
114
73
9
147
191
145
7
165
22
174
104
15
160
96
196
118
73
123
39
179
146
178
98
16
166
101
167
5
163
9
92
149
189
109
193
141
191
49
153
93
190
146
180
49
186
27
105
180
94
8
158
11
86
20
108
180
89
182
104
172
4
68
194
111
163
4
154
7
162
2
168
3
97
173
61
196
92
146
194
150
188
32
90
17
78
116
26
100
178
103
176
105
175
118
77
170
2
132
198
122
182
106
177
104
178
147
176
106
179
33
156
5
142
172
143
6
139
2
165
44
144
171
3
60
199
91
28
133
85
126
199
133
188
113
193
149
184
105
182
108
188
110
3
96
0
112
195
119
81
116
66
196
115
60
175
102
170
4
164
14
104
179
22
130
82
17
101
172
2
163
98
166
1
94
10
71
197
127
88
121
37
187
30
116
85
192
148
188
151
186
94
172
141
4
174
5
160
10
170
145
193
114
12
83
177
148
46
164
3
137
191
113
64
8
74
117
176
7
156
13
172
105
179
120
197
121
85
118
11
149
181
87
120
36
142
191
138
169
143
191
105
180
93
2
173
104
38
181
107
185
151
190
53
184
124
89
11
176
99
29
188
107
177
6
163
1
96
158
5
172
147
171
101
25
131
21
175
3
136
23
102
15
103
175
115
198
82
115
195
148
175
106
178
118
88
135
25
180
104
181
42
186
109
180
106
183
46
188
55
191
150
9
65
178
5
162
12
173
102
168
1
100
164
1
175
97
160
0
97
177
86
16
99
20
180
91
140
191
146
169
0
123
92
139
5
166
7
157
4
134
168
147
91
8
70
116
194
59
115
68
178
103
181
33
189
36
122
91
151
187
111
85
177
104
25
185
108
184
23
111
192
61
115
83
22
103
172
145
6
174
105
171
148
190
154
8
178
2
96
156
189
106
179
4
133
30
182
97
159
195
50
168
100
27
137
4
173
0
130
20
182
95
157
197
163
4
143
171
79
115
88
114
192
63
176
104
179
3
174
149
170
148
168
94
187
153
193
148
167
2
175
100
166
9
161
98
165
13
117
32
185
106
181
4
176
116
75
118
195
161
42
190
139
168
144
7
173
103
177
1
101
176
5
117
89
113
90
115
86
132
3
98
164
199
128
82
117
33
105
186
47
127
16
182
3
177
119
86
114
91
126
196
76
116
195
158
4
171
150
7
140
4
178
105
179
103
174
17
166
145
167
149
169
5
96
12
75
167
6
62
175
26
132
1
99
35
105
181
2
58
194
151
5
175
104
178
109
63
195
160
4
180
95
169
150
176
106
173
102
37
104
180
100
9
156
4
177
33
101
15
74
196
164
195
114
77
194
115
87
112
198
125
82
113
92
199
124
80
198
171
98
2
135
189
107
186
28
103
175
89
114
84
120
196
166
149
192
146
6
175
16
168
151
192
40
94
113
190
153
191
51
180
3
142
170
5
138
31
116
90
111
91
121
14
78
172
102
177
105
179
0
131
24
102
174
1
180
106
184
109
189
155
194
159
3
172
9
145
192
59
197
115
65
193
147
167
150
170
21
129
18
128
1
113
91
110
88
113
194
161
18
115
178
106
186
128
90
198
175
4
179
7
163
196
119
80
114
85
17
106
174
150
166
151
173
5
154
10
72
115
192
71
117
87
114
90
112
93
168
5
177
0
124
198
174
104
36
191
148
169
145
164
194
160
98
176
64
108
181
3
176
105
28
176
103
178
21
187
44
142
94
112
92
110
89
116
29
103
172
7
149
168
196
117
69
8
171
104
185
126
16
181
1
134
35
177
2
97
180
121
197
176
24
111
93
114
191
144
170
12
172
104
179
106
182
1
183
106
177
104
178
4
173
105
175
61
193
152
167
151
165
99
166
148
163
99
167
196
165
150
6
172
79
117
86
123
199
129
22
95
112
89
115
92
118
13
72
165
194
158
6
176
2
179
105
184
3
143
5
180
105
182
0
183
96
175
8
157
14
75
114
174
196
57
198
178
105
181
91
137
6
142
192
113
83
127
91
112
95
110
93
113
188
109
190
50
186
103
173
115
74
9
169
147
164
151
169
195
162
194
170
146
165
152
8
177
20
102
172
105
176
81
114
92
109
94
111
84
130
2
182
5
179
19
77
171
101
170
143
173
25
113
86
109
44
195
175
102
3
170
197
172
100
10
167
153
166
12
120
34
184
5
181
106
32
116
67
192
60
171
151
163
149
165
195
173
104
182
108
186
2
131
18
123
183
4
117
77
112
96
111
92
120
181
102
174
103
178
6
173
196
116
91
0
185
3
138
190
107
189
45
107
41
188
24
182
4
136
189
140
173
10
181
93
108
43
191
157
5
135
23
172
102
176
106
180
70
11
91
113
88
116
73
182
106
178
195
163
152
164
65
177
118
33
184
199
115
94
108
96
110
94
2
133
24
132
3
174
104
176
195
167
144
37
120
90
113
95
1
98
170
103
177
105
179
104
180
3
183
103
14
172
196
177
149
162
147
170
19
180
4
139
189
47
108
183
105
174
194
114
83
173
106
179
6
171
102
34
188
157
194
163
152
191
113
56
1
129
17
99
158
193
150
168
6
141
187
3
161
150
164
153
4
176
97
109
93
116
80
174
103
178
105
30
186
109
95
107
36
121
196
171
4
150
161
193
64
116
192
160
191
115
84
112
92
199
62
109
182
196
180
105
176
17
173
103
177
104
175
105
181
4
116
1
184
111
95
114
89
122
87
134
4
159
193
114
93
1
178
102
172
146
163
153
162
193
144
5
174
11
114
76
167
155
193
165
6
140
40
103
172
101
177
106
186
199
185
4
175
103
178
3
182
14
118
93
106
96
108
187
1
131
23
178
67
110
98
108
52
186
3
145
160
148
5
167
93
111
89
129
2
100
170
151
193
178
104
172
105
179
69
195
183
2
174
9
170
155
166
194
154
192
176
106
184
105
177
104
181
106
172
149
159
148
164
196
169
4
142
7
141
39
122
197
179
106
94
113
78
168
143
162
152
161
97
107
92
116
175
106
185
105
173
102
174
18
99
109
90
121
198
123
81
112
97
111
99
2
176
104
15
115
91
119
83
117
32
187
198
183
106
180
194
115
196
175
104
179
194
156
193
52
63
108
183
194
172
4
182
106
96
105
178
27
102
176
103
177
194
162
153
162
149
5
178
101
173
115
92
108
50
59
187
110
96
113
85
124
199
84
177
105
176
115
193
183
4
114
192
163
10
178
103
16
128
199
186
38
102
25
171
7
180
104
174
13
170
101
174
105
97
107
94
117
90
198
173
104
178
66
190
58
48
39
47
56
108
184
194
160
151
164
194
152
169
197
187
106
178
103
175
24
104
177
106
98
108
91
144
189
2
136
90
115
192
179
105
182
103
171
195
118
80
19
129
1
130
21
174
103
172
102
31
117
176
1
132
3
133
89
198
187
2
184
103
179
195
114
92
107
18
181
71
114
95
151
159
146
167
194
161
154
163
191
109
97
105
176
104
95
108
182
5
145
162
150
158
149
190
49
108
99
107
184
193
116
195
185
4
135
3
178
104
26
185
107
98
105
175
103
177
5
172
101
168
8
144
172
104
179
106
183
5
141
168
156
165
196
188
61
49
41
33
39
121
79
17
123
199
181
105
178
103
176
105
183
109
91
115
87
118
89
109
97
104
175
5
169
195
4
186
194
181
5
139
6
161
154
193
157
146
4
99
112
94
105
171
104
176
4
192
184
192
57
51
43
35
117
96
105
174
102
172
16
9
167
197
121
198
5
180
106
174
103
177
64
58
191
48
197
4
184
110
97
183
194
153
160
152
159
194
187
194
178
105
98
105
172
103
175
102
18
8
143
137
2
131
1
190
161
154
161
194
165
148
156
193
114
191
113
93
107
96
103
178
106
182
102
14
8
173
19
99
108
184
106
186
193
155
163
156
149
158
151
4
195
172
101
185
3
181
104
174
115
77
122
199
81
120
86
126
0
125
44
37
30
116
174
6
170
101
175
104
177
105
179
104
97
104
172
148
156
165
6
198
4
194
175
105
183
191
185
193
176
103
174
102
172
105
95
2
138
131
2
196
170
103
172
11
18
11
94
115
93
108
100
107
178
104
180
105
174
78
115
85
110
87
108
96
113
92
1
191
185
106
178
103
175
3
195
182
194
116
84
118
74
68
179
106
173
15
9
22
130
0
128
134
2
132
29
186
192
186
105
177
106
99
105
176
104
98
104
176
103
173
194
154
161
155
161
189
195
3
198
5
164
157
151
193
179
104
172
101
174
102
175
18
127
133
3
180
9
15
21
27
34
117
29
23
129
0
6
144
138
143
7
13
166
4
181
102
174
105
183
108
46
41
36
31
186
192
186
94
105
113
194
160
167
196
119
89
108
97
104
174
106
181
193
158
165
158
152
168
194
4
177
103
174
105
100
107
42
123
129
20
14
9
14
76
171
5
199
4
174
102
172
105
182
106
175
103
172
101
170
164
157
151
156
162
6
166
196
114
91
112
3
189
195
188
194
62
68
63
56
51
39
31
25
18
24
18
12
169
163
157
193
153
148
143
139
134
129
1
96
106
180
105
177
104
98
104
175
102
172
115
109
114
109
114
192
185
191
174
105
178
104
99
104
180
175
103
178
101
174
103
176
105
183
3
197
5
194
169
164
158
189
194
117
81
76
70
64
65
108
184
190
164
169
174
104
95
115
110
114
194
174
102
176
181
176
104
100
170
101
172
104
98
104
183
106
174
105
172
103
177
172
102
12
6
0
131
26
172
103
175
6
164
146
141
3
140
5
199
4
168
145
149
155
150
155
160
155
160
166
171
77
83
88
84
79
74
69
68
116
86
90
198
3
132
124
119
123
127
125
16
22
128
17
12
6
138
134
129
1
4
181
176
171
176
105
100
104
179
105
37
48
44
47
