54
157
59
155
60
153
62
151
55
160
53
157
52
161
51
140
46
145
41
150
63
153
57
159
56
154
61
152
64
149
38
147
43
142
47
137
49
160
54
138
48
145
44
142
45
139
53
164
59
156
58
154
60
149
65
151
40
144
50
165
58
152
35
147
66
148
37
154
33
144
61
150
65
148
62
156
61
158
56
136
50
159
58
147
67
146
42
140
52
134
54
163
48
166
46
138
55
158
32
151
64
147
39
152
34
148
36
155
31
153
59
150
67
144
68
146
63
152
60
164
52
143
69
145
65
143
70
146
61
162
57
155
30
142
71
145
63
149
62
155
29
145
49
166
51
136
53
133
57
151
66
161
42
134
56
168
47
162
45
167
61
147
68
148
67
160
28
156
38
138
32
154
64
144
72
141
73
143
54
131
55
169
44
163
62
165
41
135
49
141
70
157
27
149
66
141
31
146
37
139
34
157
60
167
43
131
58
171
57
139
67
142
72
155
63
154
70
144
71
146
69
160
26
150
36
145
64
161
65
158
35
142
74
140
73
153
33
159
29
149
25
161
56
172
52
135
39
168
59
130
61
157
30
147
56
150
24
102
8
107
5
104
10
106
4
111
3
105
6
108
7
103
11
101
8
104
7
106
0
115
199
94
192
92
195
91
194
94
193
93
198
87
195
89
197
112
2
110
5
108
199
114
197
116
198
113
3
112
12
97
189
103
9
105
11
99
186
100
10
103
188
104
2
88
198
85
2
109
6
106
8
108
0
113
195
96
190
97
9
101
185
99
14
100
12
103
184
100
15
99
191
105
8
110
4
107
190
104
11
96
194
114
2
117
196
111
1
116
199
86
191
97
10
105
187
101
13
111
5
89
198
118
195
110
1
84
199
117
197
119
196
98
185
102
12
96
196
90
198
114
0
116
196
118
197
115
193
92
191
106
9
82
2
108
3
106
5
114
1
112
194
109
7
80
9
107
6
89
4
87
197
91
19
111
2
84
10
83
3
109
198
117
0
112
196
120
189
99
184
102
183
100
187
102
6
79
7
81
8
109
180
97
195
117
1
115
198
119
188
101
186
105
183
113
4
112
14
102
17
91
20
110
3
122
191
93
22
90
18
100
192
99
197
120
4
88
189
98
190
123
192
95
194
115
196
91
21
86
13
114
182
103
187
120
5
88
199
118
0
85
12
79
10
77
7
110
180
106
177
107
199
113
2
123
189
95
193
113
197
90
1
113
16
100
188
121
4
119
186
102
193
108
9
78
6
111
179
109
176
108
190
122
4
83
9
104
181
105
190
85
15
87
6
98
184
104
6
121
191
124
188
102
13
82
8
76
11
82
10
101
183
104
187
83
2
121
186
123
1
107
178
112
5
90
193
110
175
109
199
119
3
118
186
125
192
98
198
120
0
111
195
93
23
161
68
136
36
133
48
141
75
12
81
16
86
196
114
181
95
188
99
182
111
174
55
142
73
138
72
143
45
134
50
142
41
157
65
152
54
137
40
158
62
146
60
148
33
139
74
14
78
5
121
187
125
190
100
185
122
2
90
7
76
138
58
168
65
129
46
169
48
154
22
162
27
93
5
105
197
110
194
92
25
87
17
110
177
108
197
106
192
114
179
103
8
80
11
78
7
89
196
113
174
110
6
123
184
121
3
114
195
116
180
96
178
115
0
107
191
126
189
127
194
117
181
112
199
114
176
111
173
114
4
72
140
53
149
59
144
47
132
68
130
194
103
185
126
193
125
4
109
9
102
0
83
12
77
15
116
2
73
139
56
151
68
156
63
165
64
131
193
111
198
107
7
124
190
127
188
120
3
124
183
122
187
128
185
120
2
105
18
81
6
112
195
115
172
112
192
111
197
109
0
110
199
121
1
108
189
128
67
169
53
147
77
9
94
10
98
191
125
182
105
7
98
176
116
177
113
180
115
175
106
187
129
195
90
20
84
14
72
135
35
151
58
163
29
92
26
89
3
73
136
71
3
104
197
107
193
129
184
124
4
123
5
74
13
85
11
107
174
117
171
113
198
100
9
73
135
38
153
55
149
42
137
78
144
63
159
24
91
6
103
189
125
66
127
186
106
1
118
2
126
183
130
193
101
182
127
64
160
21
83
196
109
178
117
3
125
188
128
63
166
62
145
51
134
37
156
51
171
104
1
119
0
116
173
108
194
128
181
115
4
69
130
186
129
190
106
199
111
8
75
140
77
17
80
10
71
133
196
132
192
109
172
99
183
120
179
97
13
79
138
43
140
39
159
65
123
182
121
180
104
4
95
190
109
193
81
137
44
131
192
124
65
122
5
125
6
88
28
164
61
149
52
132
191
110
9
98
188
122
7
102
191
128
180
125
64
143
42
141
57
170
114
198
104
170
59
146
32
142
56
173
112
197
115
3
116
169
107
192
127
187
126
7
112
175
97
11
83
23
154
57
145
79
148
76
139
82
22
85
27
167
47
130
185
124
181
100
199
120
181
130
190
133
195
94
181
102
196
111
170
106
188
109
195
134
194
113
8
78
136
193
114
174
95
195
108
10
76
16
88
3
123
8
117
172
103
5
72
134
197
131
34
146
54
139
77
4
127
68
5
119
2
124
62
143
82
24
93
6
126
179
118
177
97
182
131
184
127
193
135
194
131
196
105
167
109
171
98
178
127
5
113
168
107
189
110
198
105
189
122
181
132
33
150
68
9
81
19
87
149
85
142
60
156
67
124
6
118
176
121
3
95
178
124
187
119
175
122
6
113
169
103
192
110
166
117
1
116
4
74
12
70
129
188
131
185
117
0
136
192
129
7
92
190
134
196
107
194
80
198
133
74
16
117
2
115
179
129
45
165
105
193
132
183
119
63
129
75
6
100
8
96
181
126
186
133
197
135
40
141
86
146
83
26
79
136
196
110
176
100
182
133
191
111
9
76
144
46
164
107
163
111
172
120
1
103
3
122
180
99
177
120
61
142
58
155
39
134
81
7
127
185
134
83
14
115
6
128
184
135
189
130
8
98
197
137
50
148
80
135
196
108
198
112
193
137
195
131
187
136
198
131
71
154
69
153
56
162
103
186
120
174
98
179
123
60
145
87
142
77
18
156
86
139
55
159
68
125
5
102
4
119
180
133
70
15
73
6
77
134
191
104
194
138
88
141
85
147
49
131
183
96
188
126
64
122
4
101
6
120
170
115
167
100
165
111
0
74
135
190
137
37
150
52
147
88
144
89
140
41
137
198
134
192
108
188
105
166
92
32
130
191
138
197
79
20
157
36
153
88
155
49
170
108
174
116
5
126
177
60
127
8
72
1
118
3
120
173
94
7
119
178
113
7
101
184
125
185
132
194
105
164
112
171
119
182
122
66
158
87
148
84
25
81
27
125
65
121
2
103
197
136
188
130
192
139
197
132
187
138
80
15
84
134
73
125
2
107
195
139
89
151
53
137
196
104
189
129
42
154
89
143
90
138
0
82
12
155
73
13
157
88
136
184
132
35
156
89
150
54
171
114
168
117
175
96
9
130
46
142
197
113
3
115
199
137
186
128
5
76
141
194
140
0
103
166
115
177
94
180
124
8
68
118
169
112
10
110
161
106
193
133
83
28
127
6
129
77
192
133
183
123
181
121
61
116
7
123
176
61
127
58
140
197
135
198
138
189
102
1
141
193
139
87
137
86
14
68
172
121
4
118
173
126
6
71
122
1
76
19
151
90
136
195
78
135
188
140
191
101
5
124
177
117
7
100
179
131
189
132
198
70
2
119
164
90
134
199
139
196
114
8
99
181
127
176
115
163
104
190
128
7
109
162
113
165
108
8
79
129
30
83
140
86
145
56
138
197
141
187
107
192
137
89
152
87
133
38
140
198
142
90
146
48
132
84
11
71
155
87
143
78
21
109
191
129
183
118
59
141
0
114
9
131
88
137
0
116
8
122
174
119
58
175
124
4
84
24
86
153
90
133
187
130
180
117
170
123
185
139
44
133
194
136
190
140
1
115
161
103
158
107
159
101
181
120
63
127
77
5
118
2
142
0
143
197
136
199
105
185
129
182
126
184
97
8
130
88
149
51
138
91
149
4
126
67
10
81
199
110
167
118
7
115
9
125
183
128
193
134
188
137
76
131
191
135
89
128
74
17
117
165
91
167
66
0
118
198
144
86
134
189
121
178
100
5
79
131
8
126
189
106
196
112
160
110
195
135
186
125
7
75
0
145
198
139
84
29
128
81
194
111
168
105
190
101
3
122
171
110
157
90
140
195
106
162
111
11
77
196
138
199
143
3
144
1
142
88
134
92
21
121
169
110
159
89
133
78
194
144
197
129
8
66
150
5
117
67
130
184
120
2
139
94
37
130
90
148
55
115
174
125
179
119
176
117
6
76
22
107
5
151
87
135
53
112
166
120
4
148
54
115
164
122
177
100
4
147
94
137
191
142
195
111
158
113
172
95
136
191
105
192
135
182
124
7
99
193
132
188
127
71
151
69
128
46
152
4
146
198
141
87
131
190
111
164
102
2
116
171
66
7
130
33
82
197
137
55
145
2
123
6
128
84
31
134
187
98
181
125
90
150
4
85
136
93
140
199
117
59
127
87
138
89
157
114
156
103
183
127
41
160
108
195
138
94
133
189
128
75
14
98
12
69
126
190
132
186
131
73
18
113
167
106
4
117
162
90
154
5
122
183
136
43
143
86
130
197
78
10
134
94
129
44
126
89
129
7
121
3
146
0
139
194
110
8
120
175
118
172
116
6
155
101
189
139
1
81
28
85
152
81
23
91
166
114
159
104
185
133
51
146
1
120
9
132
85
140
196
141
199
64
119
177
93
132
89
160
57
121
179
99
199
135
92
127
186
124
184
122
0
144
49
136
194
106
190
130
191
75
117
182
128
8
115
173
122
73
132
50
138
95
142
83
127
9
118
163
109
164
116
155
107
157
112
161
58
114
52
137
197
109
195
135
96
131
8
125
10
95
128
187
123
79
25
83
13
68
198
143
193
138
86
151
3
119
70
136
189
130
182
123
3
148
96
139
197
134
9
124
171
120
7
127
184
125
6
129
87
150
3
61
143
1
83
32
131
187
97
141
81
34
129
194
137
1
147
87
124
82
4
149
67
123
178
118
8
132
191
103
198
115
160
90
165
109
1
77
16
146
88
126
185
124
25
125
175
116
9
79
196
111
156
5
153
100
180
126
183
98
133
192
104
158
63
118
20
82
182
125
170
93
126
45
136
89
123
9
131
189
133
97
149
2
74
6
121
1
145
89
131
7
108
152
5
127
89
141
0
142
98
130
92
176
120
180
76
3
114
64
2
144
87
128
186
79
183
123
26
81
136
196
62
129
188
133
9
119
5
155
112
195
136
11
108
153
110
152
103
195
113
163
90
166
108
191
129
190
102
3
147
199
142
80
199
111
7
122
22
92
169
115
171
94
132
197
140
97
126
7
128
183
124
8
119
162
114
51
111
55
135
193
75
5
126
186
130
6
127
94
141
195
138
198
144
90
158
116
159
87
134
47
128
39
123
174
121
177
67
116
165
114
197
133
191
131
190
132
98
146
2
78
131
83
121
0
112
154
105
151
110
158
117
173
70
7
123
23
75
134
196
130
87
123
180
62
2
143
44
136
86
154
107
7
129
96
126
98
180
79
27
129
185
127
182
120
168
115
19
104
189
132
49
168
92
123
4
145
199
140
95
144
60
197
111
166
116
30
87
140
56
114
1
119
170
113
8
134
192
106
156
88
128
10
135
191
127
187
129
99
134
193
136
198
139
11
112
159
90
124
179
92
38
120
178
125
8
130
188
102
192
131
77
194
135
88
150
4
153
113
152
115
195
81
22
123
24
110
155
89
161
120
71
183
125
176
122
181
121
8
126
99
197
139
85
129
189
100
132
7
130
95
137
196
80
119
35
130
48
134
96
147
2
72
172
119
169
117
62
141
198
140
44
141
82
14
142
98
3
124
10
118
7
133
187
103
136
197
102
128
185
125
98
145
3
149
1
112
52
133
88
143
105
163
114
154
101
136
10
68
170
116
5
124
182
122
6
156
90
128
190
133
102
139
52
113
196
142
86
32
81
11
110
196
128
6
123
177
119
61
199
146
106
21
79
199
112
7
97
138
197
96
128
98
5
157
117
174
91
162
116
167
93
133
193
107
148
2
113
160
90
164
113
15
143
98
124
6
131
188
104
132
9
122
179
61
111
150
85
26
127
9
137
194
79
133
104
135
192
75
177
57
192
132
8
135
34
82
132
105
142
198
97
185
127
29
81
17
149
109
196
132
188
128
5
151
99
136
87
157
111
147
99
131
46
134
191
131
8
123
181
125
7
64
182
121
175
70
199
101
124
58
143
198
78
182
124
73
187
130
103
134
9
126
184
129
88
148
0
69
137
101
126
10
127
86
5
152
112
65
146
4
154
113
159
91
169
120
88
161
90
165
119
6
158
114
155
98
182
123
37
133
77
141
95
198
137
106
138
96
132
191
106
139
196
103
125
28
128
100
144
199
142
94
176
118
171
115
10
138
104
193
131
31
129
8
127
102
123
5
129
189
130
192
108
146
1
150
105
131
72
185
130
94
196
129
186
126
3
120
8
91
163
117
172
115
157
6
125
40
107
46
127
189
131
36
103
122
178
92
173
71
132
101
146
89
162
90
166
118
174
73
130
188
129
105
126
8
133
192
136
195
104
140
197
135
98
118
170
121
180
63
104
124
8
81
198
141
46
109
145
0
147
107
140
97
148
4
124
106
123
9
61
195
137
87
145
103
141
107
128
187
74
179
77
8
128
7
122
23
124
180
95
133
105
122
10
119
173
117
164
89
130
7
124
27
110
12
64
101
2
147
86
129
190
134
194
136
9
128
184
125
102
130
106
121
5
153
89
158
112
55
141
199
72
109
193
137
102
151
4
144
0
65
182
126
104
134
88
154
85
14
113
166
114
160
90
163
89
142
198
140
59
175
119
105
125
4
116
32
84
16
72
176
120
177
95
146
99
51
113
99
139
198
135
193
76
178
78
114
7
131
190
130
104
121
107
123
184
127
44
94
197
141
13
98
131
101
0
120
6
127
183
64
113
161
90
152
100
125
9
135
100
115
5
127
186
131
108
125
41
139
105
128
12
140
80
183
125
30
130
193
133
99
122
180
127
187
102
117
107
122
172
69
17
119
108
195
101
134
193
136
96
142
107
127
32
120
4
128
186
104
123
7
126
11
138
196
112
151
98
1
148
3
12
126
187
99
110
122
20
106
125
182
129
187
196
75
11
1
192
126
109
124
8
122
36
88
152
86
157
89
156
115
107
136
92
42
125
5
154
59
67
57
113
122
111
53
45
109
133
191
73
184
126
34
132
189
199
143
0
146
104
136
113
121
177
125
8
199
144
105
127
101
138
94
135
10
2
194
185
126
107
191
128
6
15
5
196
139
197
97
132
8
126
115
124
181
190
71
186
124
24
125
110
119
37
127
117
109
129
10
1
82
183
126
103
188
197
137
97
150
2
12
5
196
95
148
109
98
111
120
111
124
11
3
149
89
147
141
100
111
133
107
143
198
190
132
110
195
139
92
175
74
191
183
97
104
129
7
121
112
119
128
185
177
170
92
165
90
167
173
91
171
116
125
115
123
4
197
4
122
178
187
66
58
65
55
48
109
125
7
14
144
109
115
122
133
9
121
114
135
194
1
145
106
129
108
115
2
193
58
68
188
129
119
112
124
26
77
70
184
124
182
63
70
1
151
84
12
5
124
6
198
138
132
139
97
103
131
191
0
99
106
112
118
174
181
126
118
161
155
89
160
88
94
99
104
187
130
28
110
127
114
137
143
149
107
134
140
196
190
76
82
198
142
136
130
119
112
105
142
148
154
89
159
154
149
144
138
109
130
189
184
128
120
115
121
132
138
132
126
132
192
182
126
5
16
78
134
140
134
191
54
50
131
188
128
113
107
96
90
162
89
8
2
146
96
102
199
194
109
104
99
143
138
102
135
129
122
116
33
34
117
124
9
4
195
64
60
66
71
76
82
85
155
4
9
127
132
126
120
7
127
3
13
129
186
190
106
111
117
112
134
105
100
103
68
61
180
172
168
163
90
158
115
120
126
114
131
136
198
141
97
93
39
44
55
57
59
63
62
